Count: 1;
262635514	-494623917	1607158800000	1
50012812	1645052924	1606899600000	1
50012812	-1885462481	1606899600000	1
12349319	-287889056	1606899600000	1
262635514	-493791559	1607158800000	1
50012812	1646004196	1606899600000	1
262635514	-492713507	1607158800000	1
12349319	-288604129	1606899600000	1
50012812	1646151444	1606899600000	1
32142555	1030082345	1606899600000	2
50012812	1424490320	1606899600000	2
32142555	1030114993	1606899600000	1
262635514	-493791747	1607158800000	1
50012812	-1880101122	1606899600000	1
32142555	1030772193	1606899600000	1
262635514	1386381659	1607158800000	1
